title:NAHUALLI
description:Naualli's wishlist

// Mint Retrograde (god-pve,controller)
//notes: Masterwork: Handling tags:god-pve,controller
dimwishlist:item=42435996&perks=3798852852,3230963543,1583705720,3078487919,3454102905
dimwishlist:item=42435996&perks=3798852852,3230963543,1583705720,3078487919,2223800157
dimwishlist:item=42435996&perks=3798852852,3230963543,1583705720,3078487919,3846229553
dimwishlist:item=42435996&perks=3798852852,3230963543,1583705720,3078487919,1621842933
dimwishlist:item=42435996&perks=3798852852,3230963543,1583705720,3744057135,3454102905
dimwishlist:item=42435996&perks=3798852852,3230963543,1583705720,3744057135,2223800157
dimwishlist:item=42435996&perks=3798852852,3230963543,1583705720,3744057135,3846229553
dimwishlist:item=42435996&perks=3798852852,3230963543,1583705720,3744057135,1621842933
dimwishlist:item=42435996&perks=3798852852,3230963543,1409206216,3078487919,3454102905
dimwishlist:item=42435996&perks=3798852852,3230963543,1409206216,3078487919,2223800157
dimwishlist:item=42435996&perks=3798852852,3230963543,1409206216,3078487919,3846229553
dimwishlist:item=42435996&perks=3798852852,3230963543,1409206216,3078487919,1621842933
dimwishlist:item=42435996&perks=3798852852,3230963543,1409206216,3744057135,3454102905
dimwishlist:item=42435996&perks=3798852852,3230963543,1409206216,3744057135,2223800157
dimwishlist:item=42435996&perks=3798852852,3230963543,1409206216,3744057135,3846229553
dimwishlist:item=42435996&perks=3798852852,3230963543,1409206216,3744057135,1621842933
dimwishlist:item=42435996&perks=3798852852,1709045111,1583705720,3078487919,3454102905
dimwishlist:item=42435996&perks=3798852852,1709045111,1583705720,3078487919,2223800157
dimwishlist:item=42435996&perks=3798852852,1709045111,1583705720,3078487919,3846229553
dimwishlist:item=42435996&perks=3798852852,1709045111,1583705720,3078487919,1621842933
dimwishlist:item=42435996&perks=3798852852,1709045111,1583705720,3744057135,3454102905
dimwishlist:item=42435996&perks=3798852852,1709045111,1583705720,3744057135,2223800157
dimwishlist:item=42435996&perks=3798852852,1709045111,1583705720,3744057135,3846229553
dimwishlist:item=42435996&perks=3798852852,1709045111,1583705720,3744057135,1621842933
dimwishlist:item=42435996&perks=3798852852,1709045111,1409206216,3078487919,3454102905
dimwishlist:item=42435996&perks=3798852852,1709045111,1409206216,3078487919,2223800157
dimwishlist:item=42435996&perks=3798852852,1709045111,1409206216,3078487919,3846229553
dimwishlist:item=42435996&perks=3798852852,1709045111,1409206216,3078487919,1621842933
dimwishlist:item=42435996&perks=3798852852,1709045111,1409206216,3744057135,3454102905
dimwishlist:item=42435996&perks=3798852852,1709045111,1409206216,3744057135,2223800157
dimwishlist:item=42435996&perks=3798852852,1709045111,1409206216,3744057135,3846229553
dimwishlist:item=42435996&perks=3798852852,1709045111,1409206216,3744057135,1621842933
dimwishlist:item=42435996&perks=582768348,3230963543,1583705720,3078487919,3454102905
dimwishlist:item=42435996&perks=582768348,3230963543,1583705720,3078487919,2223800157
dimwishlist:item=42435996&perks=582768348,3230963543,1583705720,3078487919,3846229553
dimwishlist:item=42435996&perks=582768348,3230963543,1583705720,3078487919,1621842933
dimwishlist:item=42435996&perks=582768348,3230963543,1583705720,3744057135,3454102905
dimwishlist:item=42435996&perks=582768348,3230963543,1583705720,3744057135,2223800157
dimwishlist:item=42435996&perks=582768348,3230963543,1583705720,3744057135,3846229553
dimwishlist:item=42435996&perks=582768348,3230963543,1583705720,3744057135,1621842933
dimwishlist:item=42435996&perks=582768348,3230963543,1409206216,3078487919,3454102905
dimwishlist:item=42435996&perks=582768348,3230963543,1409206216,3078487919,2223800157
dimwishlist:item=42435996&perks=582768348,3230963543,1409206216,3078487919,3846229553
dimwishlist:item=42435996&perks=582768348,3230963543,1409206216,3078487919,1621842933
dimwishlist:item=42435996&perks=582768348,3230963543,1409206216,3744057135,3454102905
dimwishlist:item=42435996&perks=582768348,3230963543,1409206216,3744057135,2223800157
dimwishlist:item=42435996&perks=582768348,3230963543,1409206216,3744057135,3846229553
dimwishlist:item=42435996&perks=582768348,3230963543,1409206216,3744057135,1621842933
dimwishlist:item=42435996&perks=582768348,1709045111,1583705720,3078487919,3454102905
dimwishlist:item=42435996&perks=582768348,1709045111,1583705720,3078487919,2223800157
dimwishlist:item=42435996&perks=582768348,1709045111,1583705720,3078487919,3846229553
dimwishlist:item=42435996&perks=582768348,1709045111,1583705720,3078487919,1621842933
dimwishlist:item=42435996&perks=582768348,1709045111,1583705720,3744057135,3454102905
dimwishlist:item=42435996&perks=582768348,1709045111,1583705720,3744057135,2223800157
dimwishlist:item=42435996&perks=582768348,1709045111,1583705720,3744057135,3846229553
dimwishlist:item=42435996&perks=582768348,1709045111,1583705720,3744057135,1621842933
dimwishlist:item=42435996&perks=582768348,1709045111,1409206216,3078487919,3454102905
dimwishlist:item=42435996&perks=582768348,1709045111,1409206216,3078487919,2223800157
dimwishlist:item=42435996&perks=582768348,1709045111,1409206216,3078487919,3846229553
dimwishlist:item=42435996&perks=582768348,1709045111,1409206216,3078487919,1621842933
dimwishlist:item=42435996&perks=582768348,1709045111,1409206216,3744057135,3454102905
dimwishlist:item=42435996&perks=582768348,1709045111,1409206216,3744057135,2223800157
dimwishlist:item=42435996&perks=582768348,1709045111,1409206216,3744057135,3846229553
dimwishlist:item=42435996&perks=582768348,1709045111,1409206216,3744057135,1621842933


// Mint Retrograde - Mint Retrograde GodPvE (god-pve,controller)
//notes: Masterwork: Handling tags:god-pve,controller
dimwishlist:item=42435996&perks=3798852852,3230963543,1583705720,3078487919,3454102905
dimwishlist:item=42435996&perks=3798852852,3230963543,1583705720,3078487919,3846229553


